8.433443759637688775e-01
7.830137113645857516e-01
7.110713707636593384e-01
7.163813761183847051e-01
6.152807376166543607e-01
6.084962996214628994e-01
6.219759071072223922e-01
6.670689038503740953e-01
7.952054476327941046e-01
7.256493710167790656e-01
7.304678551455492386e-01
7.367799822289123890e-01
7.339788557862290119e-01
6.997043918310064115e-01
7.528750200253461200e-01
7.757099730807736071e-01
6.856250756321662365e-01
6.960495490442974997e-01
6.376483003318995646e-01
7.783321503942522979e-01
7.963905614984841952e-01
8.324790587173744871e-01
8.241842882495695743e-01
6.271474866444066709e-01
6.658364196502382093e-01
7.239926724219866161e-01
5.493003425662182915e-01
7.496277311464207838e-01
7.817381211418257259e-01
8.183501871219593937e-01
7.576614980280323985e-01
7.248258574714473434e-01
7.038308030995342746e-01
6.962914229297406665e-01
7.662049482147740287e-01
8.228168516218178352e-01
8.181530082409431692e-01
7.172634930699252065e-01
7.416203610231024701e-01
8.089292333861876072e-01
7.478375431665520434e-01
7.392637895527217617e-01
8.242734880311304302e-01
8.072812222738666721e-01
7.583034878256145195e-01
7.684489401450003143e-01
8.082362464400161262e-01
8.468851221454305467e-01
8.474400942827120531e-01
8.686762201106700276e-01
8.322654434101267595e-01
7.152857408907943304e-01
8.001913328985289509e-01
7.102297516769277008e-01
7.822063145096290748e-01
8.465427535276398574e-01
8.745493917020794594e-01
7.282589243073038787e-01
6.954480225006955951e-01
7.983867581457948503e-01
7.171065007183675677e-01
7.388758563583902594e-01
7.461964281235676788e-01
8.103273115335276611e-01
7.820885899315473955e-01
7.401162310424843627e-01
7.978282997532525345e-01
7.669199260150889597e-01
6.989692982858716208e-01
8.559520459642079304e-01
8.102716446904679737e-01
8.029838597748981677e-01
7.962380726314549628e-01
7.113026960242302410e-01
7.704942360217374997e-01
7.167543094109596336e-01
7.704531678018529117e-01
8.453441421423759650e-01
6.856886001896530525e-01
8.115530136271813522e-01
7.535742909383029708e-01
7.881064401871318292e-01
6.773937834722421059e-01
7.247295242153951600e-01
8.255601758282791192e-01
7.439124959924710012e-01
6.957781238293856418e-01
6.894800680664062709e-01
6.475656057935891274e-01
7.244903513267439976e-01
7.393519792029110693e-01
8.582108157030330364e-01
7.557319615716977523e-01
7.548138250845365382e-01
7.598565958248111318e-01
7.509970523658903163e-01
6.774706087957577116e-01
7.896317796999212657e-01
6.292195273691282287e-01
7.314389050906369150e-01
7.612376000493283890e-01
6.674334117392840549e-01
6.932973916188208685e-01
7.555988702983801319e-01
8.261465687776941014e-01
8.242807397929562407e-01
7.846815526107292493e-01
7.671297373799003116e-01
7.536594389858632947e-01
7.625021852099987951e-01
7.496348968737155394e-01
8.261229607158608879e-01
7.714938632277336117e-01
7.809060949259551965e-01
7.597720068872377830e-01
7.371708845962056111e-01
6.946160314074540931e-01
7.694529864457260171e-01
7.884773119127514995e-01
6.869341702775236813e-01
6.296517524476902272e-01
7.054453331003183170e-01
6.673741589136337193e-01
6.818122082154342012e-01
8.078770648532990206e-01
8.500582378811879503e-01
8.019606207066501957e-01
7.295946364498139269e-01
7.002155548297854804e-01
7.454263020626178404e-01
7.571378988808800115e-01
7.572017077016813813e-01
8.558917303923437858e-01
8.126078764288665601e-01
7.562203508773095439e-01
7.708950789579679386e-01
8.050521548324991450e-01
7.649634089741945697e-01
8.198309829643545266e-01
8.551535649798768235e-01
8.444509301023050973e-01
7.843877349838339619e-01
7.495900605404783867e-01
7.800546657498566017e-01
7.342427809499973979e-01
7.807534186157839562e-01
7.804886198601359570e-01
4.417208481892124228e-01
4.432229700745534684e-01
7.151262516268220848e-01
7.137925236934380413e-01
8.164632536072197189e-01
7.849065509668481377e-01
8.144555092194972756e-01
7.539677721897998230e-01
7.597789670173910048e-01
7.376788525051722889e-01
7.703841514219440523e-01
8.106304588483284057e-01
8.064711820582515234e-01
7.873088254161273447e-01
7.344286408710123393e-01
7.052307118952371168e-01
7.402335599124157950e-01
7.931580778579256918e-01
8.090693836690492358e-01
7.929680896651831734e-01
7.512701508049717258e-01
7.576118130799547323e-01
7.547198310585526704e-01
7.722797709289971335e-01
7.810586678874525957e-01
8.465743063798346624e-01
8.701143572801615100e-01
7.420564292765862158e-01
7.644034524453029444e-01
7.434745004074433394e-01
7.393030562892622948e-01
7.450182853235721714e-01
8.343349791777919799e-01
8.428302408356134201e-01
7.412643206546557506e-01
7.296959431501509608e-01
7.632363422607827408e-01
7.643797881625306045e-01
8.359556470038284059e-01
8.565718214857557244e-01
8.115325245856095382e-01
7.665748533905106799e-01
1.907521170925544907e-01
1.919801688576187604e-01
7.520591599795836135e-01
8.047711385672254858e-01
8.094714906833694323e-01
8.110340095406323169e-01
8.035352255999538285e-01
7.757466759330242656e-01
7.850104904589623178e-01
8.703279053756804995e-01
8.468989088156527734e-01
8.029546934973431638e-01
7.534249938613651887e-01
7.426801152710483800e-01
7.803382255769424347e-01
7.955085526581269217e-01
8.506598522492744285e-01
8.303950261562799140e-01
7.349334126232998088e-01
7.896729939419430133e-01
7.858491973255401497e-01
7.857133631767352355e-01
7.220912476096208454e-01
7.436564123883394606e-01
8.421922601210982684e-01
8.088561443917108296e-01
7.959272433451537454e-01
8.190543846978135534e-01
8.209538635303696985e-01
8.612776064824280153e-01
8.757446490532337924e-01
8.775205304992165223e-01
7.803717769561446804e-01
7.877099400237087545e-01
6.960681699612608631e-01
6.697944633566305095e-01
7.866664325659803447e-01
6.936309289401364486e-01
7.698202210492620656e-01
7.892036812997499373e-01
7.699353138659734697e-01
8.100574600529552027e-01
8.590051911595701917e-01
7.351065046789705404e-01
7.151097995786170891e-01
7.242885289222501521e-01
8.303910551271788121e-01
8.598813303686269061e-01
7.776686926044587000e-01
7.124852192466847312e-01
7.715820492237051020e-01
7.061705859696640886e-01
8.295823913718541887e-01
8.799354958362075596e-01
7.867001129296277151e-01
7.218214886059433066e-01
7.529114888388340754e-01
7.438253726788039977e-01
7.654445287330063907e-01
7.760854791688110987e-01
8.839869698358103767e-01
8.203699182409984747e-01
7.533484221441340001e-01
7.511451070010208841e-01
7.887784235769648156e-01
7.976643729029094798e-01
7.719545660946004473e-01
8.446196032581778645e-01
8.403625303449542283e-01
8.109371174146787764e-01
7.642765815522645223e-01
6.084764034262727384e-01
7.829931512689566331e-01
8.163577361690379508e-01
8.632705908907427617e-01
7.886258284608875790e-01
7.620102122212296658e-01
7.672273730813731207e-01
7.560798044078990143e-01
7.747548045781450510e-01
7.925571107301542240e-01
7.054117328219685623e-01
8.528058897193457888e-01
7.286178911859630958e-01
7.497960529036715727e-01
6.127160317893566299e-01
8.000059967632818791e-01
8.423820789608682524e-01
8.733622521652650850e-01
8.462039023027211337e-01
7.713947027814687107e-01
7.706015364042707594e-01
7.831670997731779993e-01
7.958242673409257062e-01
7.773955090300506132e-01
8.796056404074308332e-01
8.604378642560128743e-01
7.659229974161719801e-01
7.659330966146790098e-01
7.550926127711775626e-01
7.741410241511937906e-01
8.016628167492955148e-01
8.526782007404176689e-01
8.264079209308019536e-01
7.957641438284849267e-01
7.659807728768327495e-01
6.774723732865479686e-01
7.916253790875624752e-01
7.253534844046086727e-01
8.237593565779479654e-01
7.650221036287793153e-01
7.605440710803662574e-01
7.860774360865927513e-01
7.550907332029509478e-01
8.115610989497961114e-01
8.587548281882652068e-01
8.460499578550749744e-01
7.730693767294971597e-01
7.579453854616556852e-01
7.781562110141941879e-01
7.353330875951816781e-01
8.077719440571252685e-01
8.609548743410334604e-01
8.495075351752775505e-01
7.713714664720674463e-01
7.470145684562178312e-01
7.422078596664916095e-01
7.760099309860180039e-01
7.849975536464366410e-01
8.342524210917721117e-01
8.648921410799809140e-01
7.625241271306287816e-01
7.435427147670889969e-01
6.695385082322669046e-01
7.644595024428971763e-01
7.952842356244802513e-01
8.114850140114531207e-01
8.377348366197272522e-01
6.743830724786510356e-01
7.592792679994475602e-01
7.439034868268897815e-01
7.642292996157441509e-01
6.281604178940308758e-01
8.746603500122771546e-01
8.531506532423710487e-01
7.899523575599821656e-01
8.355222135038388176e-01
7.765835861703247467e-01
8.125483543954121757e-01
8.048125581581089261e-01
8.673215193512578969e-01
8.176522240995104385e-01
7.625067943332486387e-01
7.995731709589749547e-01
7.279613580031223385e-01
7.262094113087036451e-01
8.124226678053020345e-01
8.755980217601899707e-01
7.930820945317931248e-01
8.366376849239647306e-01
7.932631954585419587e-01
7.748047645727076382e-01
7.752835316443029701e-01
8.239815466438981106e-01
8.422942537097446447e-01
8.104786898481615154e-01
7.931859848958067172e-01
7.982191511216154556e-01
8.289288700394421561e-01
7.870419020665854193e-01
7.952919048348584541e-01
8.419224756679960509e-01
8.418445944232259004e-01
8.041361985345907293e-01
7.878882934067439336e-01
7.789779605727304990e-01
8.135440507788366249e-01
8.383820059102754518e-01
9.021616127630900372e-01
8.769267927989117251e-01
7.164911068883397238e-01
7.784860274443473616e-01
8.310778950542870858e-01
8.390563568041219389e-01
7.395494404696335566e-01
8.516290537201293143e-01
8.612176607103846360e-01
7.671431638068925141e-01
7.681209880981278992e-01
7.983066758738303070e-01
7.944225123315457049e-01
8.306513232481248510e-01
8.746178235567747539e-01
8.735110076518797229e-01
8.148310243794554264e-01
8.077732909584334209e-01
7.737289018305564259e-01
7.811123314314530885e-01
8.387373911475799471e-01
8.809752878733427828e-01
8.407645861849816216e-01
8.123497939089024955e-01
7.988856463214882853e-01
7.748051243347606754e-01
8.294332766714738181e-01
8.316039919507142164e-01
8.929747276124714306e-01
8.703527621709521434e-01
8.472279958241092368e-01
8.653863671725540163e-01
7.879763724808205305e-01
8.756913072518885954e-01
8.126345369353717984e-01
8.001114489472270774e-01
8.905727376388514749e-01
3.908980706382309683e-02
4.147826863840975431e-01
5.907813194614099928e-01
5.304129888601721854e-01
6.869489936684118891e-01
5.973144037556673558e-01
6.181363276968708798e-01
5.036092659346924627e-01
6.980096878537903615e-01
5.411139741384957125e-01
4.292579327036704084e-01
7.353723125085482870e-01
7.271432832971457261e-01
6.194636927979015883e-01
4.097696648375608736e-02
7.511801195738097014e-01
7.988146524107129220e-01
7.984248599590345608e-01
8.861044329319455182e-01
8.274062115590468114e-01
7.687259436235797105e-01
8.188855784957121964e-01
7.665309987577504369e-01
8.321622962705130799e-01
8.941415713720707314e-01
8.560170005465198573e-01
7.743137979605509980e-01
8.530512907817379142e-01
8.530616956823886543e-01
8.584713716370762082e-01
8.936824236647457065e-01
8.565163898556817923e-01
8.155223967735754087e-01
8.214385915648959591e-01
7.994325620142285205e-01
7.979486589130633245e-01
8.041579768399179651e-01
8.693109633379305645e-01
8.682897317594381326e-01
8.058089785345553535e-01
8.117280594191139675e-01
7.607466684428420001e-01
7.741117751674303493e-01
7.874824355310532376e-01
8.419058951693119131e-01
7.953645593452748352e-01
7.811218717896422081e-01
7.938999915368581961e-01
7.712536636968090331e-01
7.734278300721680877e-01
8.102031447603820213e-01
7.552963484419774609e-01
7.553633233610684838e-01
8.134971048152763728e-01
8.024811174960991833e-01
7.784788027659068632e-01
8.009974181212031752e-01
8.180961663830909059e-01
8.986672773139011694e-01
8.775977013825498885e-01
7.847783452365064694e-01
8.155064991447400491e-01
7.940306448380537452e-01
8.204819333854841412e-01
8.321216873434432726e-01
8.810850592020119665e-01
8.454391399840583965e-01
8.152875589636171538e-01
8.126275463824621514e-01
8.070121411873429906e-01
8.254611035493832905e-01
8.199332411346099692e-01
8.746858339301666341e-01
8.601635391267207220e-01
8.215623629369229741e-01
7.987534358267587287e-01
8.051806691669683991e-01
8.284560705709531625e-01
8.100531372581314393e-01
8.806486991045090473e-01
8.683943427532901937e-01
8.252816351285804375e-01
8.280144160233388062e-01
8.060432271508827240e-01
8.130608046430406466e-01
8.354201821414050100e-01
8.996735082361212443e-01
8.674757105093000575e-01
8.097992643414191338e-01
8.221052661169543363e-01
7.946053363607449294e-01
7.499929030151099019e-01
8.204039652819019590e-01
8.376234111821682093e-01
8.122413229132402490e-01
8.059632556080865706e-01
8.229134310131203112e-01
7.731235315386242313e-01
7.780738094839892982e-01
8.749715927841413832e-01
7.417317182175736656e-01
7.289565515016916963e-01
8.127901649695530306e-01
8.221265528166395997e-01
7.909394427545529682e-01
8.577231593404665011e-01
8.484737613361913455e-01
8.017793018924539439e-01
8.170884539982466999e-01
8.030461095698777640e-01
7.359310464487278658e-01
7.481105310165008238e-01
8.903986825795905391e-01
8.829296884996949979e-01
8.043779325895936694e-01
7.873865225506995191e-01
7.892339526179201759e-01
7.794810799239331178e-01
7.825410872066723700e-01
8.195535703801666294e-01
8.129127627669868739e-01
7.694251961170718301e-01
7.657681187229423703e-01
8.045185218348239742e-01
8.100942719829347105e-01
7.830448327294140531e-01
8.298549190744074489e-01
8.674019971360745762e-01
6.606010155957849905e-01
6.620150904154559202e-01
8.189823004093275127e-01
8.070323126671729019e-01
7.889794354746834104e-01
8.540847092264078899e-01
8.892690815286031780e-01
8.033348891066522945e-01
8.035732702076210376e-01
7.474458409448473395e-01
8.374784955686216392e-01
8.890824571629281081e-01
8.915042092246796557e-01
7.792936249579134333e-01
7.509265441680192943e-01
4.866206175567622805e-01
4.769345121946452770e-01
8.146332706541523638e-01
8.778363428487367948e-01
8.614630984634993327e-01
8.501205600162049514e-01
8.015792799686279890e-01
7.951450842873408753e-01
8.214038079457518515e-01
8.441243989719336982e-01
8.613046770127154028e-01
8.396196085396965270e-01
7.955902018541255449e-01
7.823145133727034128e-01
7.474885967311755142e-01
8.039784653732586772e-01
8.317103093258110258e-01
8.681804235103278700e-01
8.544595935746511772e-01
8.029258665869889455e-01
7.922519295536353257e-01
7.586960517120501235e-01
7.596261844052750734e-01
8.213367295033414672e-01
8.633400985912579317e-01
8.933912948209243865e-01
8.102688558511735861e-01
7.568622799855408978e-01
7.915605353673386135e-01
8.063810254327623550e-01
8.896626092607798908e-01
8.830792262243867263e-01
8.303447522408737846e-01
8.339214428613749286e-01
8.045991059110474408e-01
7.172333003943714980e-01
8.071947853189536115e-01
8.796593460475157222e-01
8.500978260514032714e-01
8.149717029712399974e-01
7.783663576629333836e-01
1.252986079727529678e-01
1.266221761110006283e-01
8.207460266054592557e-01
8.760925448986983666e-01
7.896864417872205832e-01
8.237965453575613051e-01
7.805626761246285961e-01
7.856092410305295370e-01
8.236858766288180922e-01
8.941466336829162476e-01
8.783513362101232902e-01
7.846898970771598592e-01
7.910638851776526925e-01
8.140411596773323710e-01
7.804998218415839517e-01
8.311803491318018322e-01
8.521695123845417497e-01
8.140630903375836169e-01
7.923792287287740876e-01
7.884338525020737620e-01
7.637293502699815662e-01
7.991522808141858780e-01
8.462059749539952991e-01
8.003250367892473793e-01
7.091817486589332420e-01
7.671687463715559652e-01
7.841309194578279795e-01
7.726266498154783502e-01
8.248345920316700886e-01
8.464333392059172345e-01
7.238852914246222126e-01
7.995692675439147745e-01
1.316868924012965791e-01
1.319595700435218788e-01
8.181142036566574349e-01
8.684780942414856986e-01
8.444989301317690211e-01
7.535903537738154467e-01
7.499419638116813225e-01
7.712748779359556162e-01
8.013562969674924430e-01
8.043216016181334860e-01
8.800664570990884839e-01
8.691336226311530133e-01
7.978138349848825639e-01
7.743769633908876848e-01
7.759190262396140625e-01
7.670442028425803471e-01
8.187380319886908842e-01
4.257330699357734366e-02
4.323295968807625012e-02
1.144564515080148254e-01
1.144946270399682803e-01
8.027549884263733837e-01
8.194918254127611101e-01
8.157119953891680542e-01
8.938584126116158046e-01
8.663357355644536462e-01
8.583454700741993681e-01
8.008665317182137589e-01
7.999839967858967116e-01
7.986067497885556143e-01
8.241913905323443590e-01
8.649631099083263663e-01
8.465470854609146167e-01
7.565082475481634816e-01
7.605856738573986142e-01
7.618430927191511826e-01
7.296885258535235064e-01
7.690209262551394032e-01
8.959109257607170695e-01
8.521453546315038707e-01
7.614114849850268651e-01
7.659045932008036184e-01
7.494913146409886151e-01
7.901579884604321702e-01
8.087740937699293697e-01
8.775202477020719316e-01
8.405428396619429865e-01
7.790450817167369202e-01
7.717484297503738322e-01
7.714140888724977385e-01
7.920089236188212478e-01
7.905218838063017284e-01
8.803985854768267005e-01
8.518628670696515304e-01
7.997622811712720159e-01
8.008919430715309984e-01
7.656077581938625087e-01
7.518535475472021279e-01
8.068920261382310777e-01
8.943250463895762170e-01
8.757434703241901985e-01
7.164920991051576538e-01
6.602164173655444834e-01
8.239448930342422317e-01
8.460673707693143752e-01
7.720539575307971969e-01
6.160597901930138232e-01
8.033243981729442096e-01
8.003397090769476252e-01
6.177593890382301334e-01
6.073421420769153922e-01
7.441195953746753133e-01
1.430585340748674050e-01
5.938292169366765627e-01
1.384683817892391755e-01
9.795964112790969680e-02
9.848440988571498245e-02
8.442198166461037934e-01
8.557922319643033182e-01
8.189844907662516826e-01
7.087931650796795990e-01
6.421200153455514092e-01
8.303140071059187388e-01
5.105180000102930160e-01
8.538588797523071205e-01
8.112497311071329431e-01
6.040977410781031565e-02
1.365764985670784304e-01
7.584866946718005210e-01
7.319627695446906390e-01
8.748908357229309152e-01
2.040782834793346545e-01
6.986537467458066031e-01
6.805574506598554008e-01
6.983626359113966897e-01
6.909775381327825095e-01
7.510778552228132288e-01
7.153307053305245633e-01
6.927715511734300335e-01
7.087775238003988232e-01
8.218290560971865943e-01
7.935572411389739678e-01
6.784114940721505116e-01
9.014652216018868014e-01
8.246432488597519317e-01
8.888333513054940127e-01
6.730675653470555853e-01
7.612718173343895334e-01
7.820241478111004119e-01
7.092009013106971294e-01
1.303748137135837537e-01
1.169227819962170845e-01
