1.375630066011070685e-01
1.224267956557566761e-01
1.164864232879688766e-01
2.164991437467601310e-01
2.744380623800933283e-01
9.848589873510638082e-02
8.371160411760221465e-02
1.614101445351587283e-01
1.831203895180315011e-01
1.863190970938645719e-01
1.318379938970843379e-01
1.644311310121727154e-01
1.824700742841550705e-01
1.212153147035261586e-01
2.076700061576450262e-01
3.958620148133219496e-01
1.595203898918504670e-01
2.110139050360929913e-01
2.317787128480041925e-01
1.516284542753937592e-01
1.075861300178289626e-01
1.066893914297700058e-01
1.223266032993255287e-01
1.201551436496730435e-01
1.944297926079946448e-01
1.151703489976062811e-01
1.788617265189304806e-01
1.920154681892803639e-01
2.316156628876548940e-01
1.251920719380632541e-01
8.070272331667227572e-02
1.260379716756257762e-01
1.151846961484639248e-01
2.290650555583624293e-01
1.902720234629262097e-01
1.214539088084239105e-01
9.512692345431894569e-02
2.089997388435293202e-01
2.259493384162003793e-01
3.958620148133219496e-01
2.325477372271519960e-01
1.674737011235131190e-01
1.412060669955826075e-01
1.098865453313564305e-01
1.230313930941978467e-01
1.279261207837719683e-01
1.000558648214500551e-01
1.144932780699938757e-01
1.257314480773369381e-01
1.226333293508888311e-01
1.319093624238038831e-01
1.058086868765703570e-01
2.616915673040641765e-01
1.341697234515564774e-01
1.321090835737346592e-01
1.783230009654361570e-01
1.493769698003052648e-01
2.289485405562234899e-01
1.729043687947198205e-01
1.126578588601580833e-01
1.368088760049758490e-01
1.483940956732442973e-01
1.899902761329754219e-01
1.270514009875990391e-01
1.341560393103549687e-01
1.580660674026758417e-01
1.151779508348660941e-01
2.095335037955811108e-01
1.032016349488099616e-01
1.630097067614407202e-01
1.785111957718596709e-01
1.115174645475594528e-01
1.536559545843795838e-01
2.093149168993168330e-01
1.817296017178356426e-01
1.362777260045993089e-01
1.164353325348285589e-01
1.634865662488591553e-01
2.113758432426094402e-01
1.597338759064407254e-01
1.888205165634378735e-01
1.736081082413040433e-01
9.677134025091545244e-02
1.123581309879405077e-01
1.106556957490344301e-01
1.053875427151591132e-01
2.306247935163961982e-01
3.040253758173606102e-01
1.918364336997520903e-01
1.432909008045787913e-01
1.038646957685519928e-01
9.724891139160300735e-02
9.978350848585874899e-02
1.354950747822733781e-01
1.954568991943929079e-01
2.672581370439539583e-01
1.682711344150979449e-01
9.384450841908741070e-02
9.201819496220232930e-02
9.861886112450338193e-02
1.604606337198352939e-01
3.416262625522450969e-01
2.936439235394952552e-01
2.474210658578701039e-01
1.272103402926159366e-01
1.080633638723369205e-01
2.026730324322530696e-01
2.016853714813016951e-01
1.479008141592534908e-01
1.403193600102328464e-01
1.201349848242658225e-01
1.277072932959098517e-01
1.139451354871760941e-01
1.989782686100223241e-01
1.541533295416190608e-01
9.169649653395407773e-02
1.055503396921672610e-01
1.570426944012390247e-01
1.490976911618766554e-01
1.629941877034744302e-01
1.300588399301065567e-01
1.197940244252206077e-01
1.198026044739446544e-01
2.722397033492506280e-01
1.424772137708165132e-01
1.326386151515700218e-01
1.217732063966656675e-01
1.592075733466362109e-01
1.112907169336627144e-01
1.405247445377879045e-01
1.318718332447350039e-01
8.798007028459832457e-02
1.044294140933242493e-01
1.519521198877746004e-01
1.255098229083308203e-01
1.597456242175785135e-01
1.297193756467682479e-01
1.513608169362317124e-01
2.357572038869192588e-01
1.442411479604905344e-01
8.966663986428416444e-02
9.096725635108297847e-02
1.417282513170645963e-01
1.641656794491460902e-01
8.885236691622434846e-02
1.267693753636532639e-01
1.710839983392464236e-01
1.455473482354804615e-01
1.163036565606438838e-01
9.125483037791076724e-02
7.628269227021089449e-02
8.325564961278690557e-02
8.933895520301117499e-02
1.196328882323172693e-01
1.034315909231138253e-01
7.553593015561638202e-02
7.788483609155859300e-02
1.018843739728772652e-01
1.023329560835718605e-01
1.175912456036122961e-01
8.009532237464937754e-02
1.049823824921472665e-01
1.262049246408355474e-01
9.403949420058788089e-02
7.845943279168902940e-02
7.405391520344410672e-02
1.242379953992533842e-01
3.054103687981784554e-01
9.603441136163420877e-02
1.382948365729578521e-01
1.111886561903670384e-01
9.301175754364979231e-02
8.900864697639877809e-02
9.780203602300038823e-02
3.040253758173606102e-01
1.098414039827741301e-01
9.468228115907260933e-02
7.783547655194525405e-02
8.090218813712514445e-02
8.049035485726900585e-02
1.150341584944458151e-01
2.259493384162003793e-01
9.435583686579181173e-02
6.961203989470229891e-02
9.932262129923891125e-02
1.193076001260000990e-01
1.108848450787185691e-01
1.297505673712530117e-01
7.256079797811125498e-02
9.138824953960045239e-02
1.106469774947071716e-01
9.727949839602240134e-02
1.041619757178480765e-01
7.265527835666867051e-02
7.506942539045628748e-02
5.757842185356985831e-02
6.610635641119252948e-02
8.218512172921153824e-02
9.793095694968245724e-02
1.568833250822526115e-01
2.214524822944597959e-01
7.470586765939635221e-02
8.754775213109539100e-02
8.157949733749318699e-02
8.069190672191502156e-02
1.099312677667366317e-01
9.744287125203648925e-02
1.006582299025983729e-01
1.038075602971269829e-01
1.029853974189364890e-01
1.097517431314167513e-01
1.198263988579913453e-01
2.697799240670040177e-01
9.541273112314649363e-02
9.774846110079775385e-02
8.582769856379174334e-02
6.291661338841882112e-02
5.197240584002046221e-02
9.954518397245824823e-02
7.807385163378520454e-02
1.029591552926966275e-01
1.024044256650370743e-01
1.015499961840979348e-01
9.297917868528089713e-02
1.083335662921020570e-01
7.188107650431044271e-02
7.229228402067591763e-02
7.359681007944861297e-02
6.889601481842493047e-02
6.981035618196712589e-02
1.594638810604382118e-01
1.289411637552686507e-01
8.555043472162750240e-02
1.079606551972826511e-01
1.142971183905225202e-01
1.168728584569954654e-01
9.024542115307312984e-02
6.326817599572347184e-02
1.018817036270196069e-01
1.195808730175441092e-01
8.611877327586950348e-02
9.462423578321746409e-02
1.502244488052238147e-01
1.111131906692803678e-01
2.789407681918489867e-01
7.536471161151156450e-02
7.543903790129050102e-02
7.310190075465948512e-02
8.307234744459651710e-02
7.062599771056059239e-02
7.242389966604818874e-02
1.704174899461249615e-01
1.300401713467891074e-01
8.350300110100944417e-02
7.332535878533406881e-02
7.812085098561645513e-02
9.637774389863193458e-02
8.349422718775834085e-02
2.467755383071079112e-01
6.211292476565390130e-02
6.149335693466366493e-02
7.627320109913669766e-02
6.883846291643092030e-02
7.298877727017850925e-02
7.681514655138380054e-02
9.271376441725097395e-02
9.301466133798479141e-02
8.932028629018855248e-02
1.086008751807268774e-01
8.949071396367211384e-02
1.056386909707636712e-01
1.080741035168776426e-01
6.809354877465953471e-02
7.321075038519746225e-02
7.990237568255290079e-02
8.880566632972124175e-02
2.325762287138682660e-01
1.767819510447105336e-01
1.360849523529310823e-01
7.467828339535458049e-02
7.804224016379847362e-02
7.964031052212505735e-02
8.364518099819669150e-02
6.381630958044877400e-02
1.702115668458543118e-01
5.987689389169151277e-02
6.239416711917616237e-02
8.014060287532537297e-02
4.806464603903884414e-02
5.909424755654970468e-02
7.192850214195813108e-02
2.816775721977272662e-01
6.784258496473177802e-02
5.666771366041539748e-02
6.798986303290582844e-02
5.597118743221057152e-02
7.297414314069347596e-02
9.142482477206748115e-02
1.948970325628258116e-01
6.726326123897931331e-02
5.642808311025804269e-02
6.689518859154078290e-02
4.827414235008498783e-02
7.030761535649021621e-02
1.093574483466573793e-01
1.000000000000000000e+00
7.537525894932711745e-01
1.675536832323576419e-01
8.651587106167438201e-02
8.699033637270142671e-02
1.081473091932006053e-01
1.401896778351159889e-01
5.559717404171790056e-01
2.324799057867568131e-01
6.801095993564998388e-02
7.272947546014313369e-02
9.476274057420029651e-02
7.537719201774745192e-02
7.040347797355224480e-02
1.590955978932056814e-01
7.794230657445312682e-02
6.609695732901171850e-02
8.015820780694098147e-02
6.050405299630591538e-02
6.319669162639379723e-02
1.093741174539175076e-01
2.324811754701206212e-01
1.632137138017978606e-01
8.162909804525790569e-02
6.528561107358399340e-02
6.327780562489707106e-02
7.634043593014444573e-02
7.114754713513460338e-02
2.092891214175941206e-01
9.958577709530101740e-02
8.396252567566539482e-02
1.131028303243483552e-01
1.553868173360468674e-01
1.093373451507855115e-01
1.264889484664351582e-01
6.739802476855634439e-02
6.552219625004816750e-02
1.385283005063771833e-01
7.949264151564033876e-02
6.691075892396089464e-02
1.080517144345148617e-01
1.391983970252774760e-01
5.591628309044432976e-02
6.935527036747657359e-02
7.980283852144261225e-02
7.594741021021099436e-02
6.509877388875515147e-02
7.911329855041525361e-02
1.960859394796757582e-01
7.458853386025365850e-02
1.116623500588067724e-01
1.139827508769072489e-01
1.149682209905257962e-01
8.296657340035924755e-02
8.384651875991663839e-02
3.242287452101227929e-01
1.126899725488463844e-01
2.032208526132273374e-01
7.724919434407663543e-02
6.966681288318235521e-02
7.421874331252997781e-02
1.413403779143042049e-01
8.973239822130764376e-02
7.572490980802404348e-02
1.000587687460203629e-01
9.176576732662149183e-02
7.063538195770110995e-02
1.585464709896214630e-01
5.269914126137217186e-02
8.690686360511662434e-02
6.590231778296734566e-02
5.815351950225380179e-02
5.697613048456334067e-02
6.902899726704475603e-02
2.352778003513583960e-01
9.370088033345334855e-02
7.616886229287983534e-02
8.776230978794143101e-02
8.345140794345110025e-02
8.783013938815112387e-02
1.095419225173369232e-01
2.639076807108000078e-01
9.455089815441941603e-02
1.316122269613903828e-01
8.837207724691951982e-02
9.886066070483666424e-02
7.520880542594632345e-02
7.790952384552327081e-02
2.040852560935846327e-01
4.877476563257091002e-02
5.930015443445592338e-02
7.222785085136707028e-02
5.855324313156171079e-02
6.288754105548581552e-02
7.618903271013972855e-02
3.212069431578347678e-01
4.357752943546115004e-02
4.266047003507950769e-02
8.105197717693586601e-02
5.644514008488084322e-02
6.263514816972273747e-02
6.904962595026362115e-02
1.847093446147523577e-01
7.472438769966256722e-02
7.472178404281829001e-02
7.246534913509927733e-02
7.852415354195269037e-02
1.151182659870013253e-01
9.705451723984157009e-02
5.281258398450412728e-02
6.792186661341538534e-02
5.451510110996105746e-02
5.624605161948609267e-02
8.021796595986388501e-02
7.026939728976806798e-02
2.537084376908091965e-01
8.671169594090212540e-02
5.748822506154409318e-02
6.152188994897864194e-02
7.713701591821210679e-02
6.008771241336208213e-02
5.691206678877892833e-02
7.800406989659611212e-02
5.102704416383042896e-02
4.404503025655371468e-02
8.267761772454587654e-02
7.189848765738490743e-02
8.599468962965320373e-02
2.084068167270803351e-01
9.269598093032387076e-02
7.347460247977112557e-02
7.479715116062701785e-02
8.151541081253302345e-02
6.591069926738053752e-02
5.887998384694119458e-02
3.212069431578347678e-01
4.933757168542010629e-02
8.126361279794643011e-02
6.102018170218408838e-02
6.142171474998588815e-02
9.326264480488544173e-02
6.259192902347499032e-02
5.797170327399898265e-02
1.070063482165244384e-01
1.051502564752232888e-01
7.486432125641226398e-02
1.398380734492410959e-01
3.212069431578347678e-01
1.050065839141639673e-01
6.682409355285058583e-02
4.729534711725118246e-02
5.185999668409917857e-02
5.316585379118192456e-02
3.958620148133219496e-01
5.851929922480954283e-02
7.632151126619717008e-02
6.241160578356908656e-02
4.882009082785301879e-02
6.511654057760124514e-02
8.245908698239527712e-02
1.450304931962642374e-01
6.236435357586892630e-02
6.659650490758751984e-02
8.565364433619154783e-02
8.872850651863038729e-02
1.013344259865736757e-01
4.040937362635033669e-01
8.814156775701877111e-02
8.893281836548835861e-02
8.587508541946618779e-02
7.756829198066279851e-02
1.356877302131645202e-01
1.140279957065997024e-01
3.411038006765943487e-01
1.149016692951444901e-01
9.577178972003265456e-02
7.080036706690903681e-02
7.346776615057798443e-02
8.288193961039970470e-02
1.181489014583029518e-01
1.174717439006570247e-01
1.086852488897673552e-01
8.072871557361861738e-02
1.146618286349838089e-01
9.268379706485144198e-02
2.864698658340169013e-01
2.579703983148450841e-01
1.254608597840932427e-01
7.714366800665242718e-02
8.050354152340290226e-02
9.251105196548353726e-02
1.313784561195940059e-01
1.538711168200628532e-01
9.022038045634024617e-02
6.814706138521860190e-02
8.414279537819996380e-02
7.569592887862229558e-02
1.341883927895946571e-01
1.000000000000000000e+00
1.149203769944875386e-01
1.055809161789193762e-01
1.670592735282519781e-01
2.027537506158322844e-01
8.137874647133741535e-02
9.104520889892477042e-02
1.769791313229726049e-01
6.801303793224752758e-02
1.080712639508023543e-01
1.283426504425541070e-01
8.061033085985937208e-02
8.965059984455814313e-02
8.503625943153404754e-02
7.689459126677038181e-02
7.064140426155512964e-02
8.042047832414182806e-02
9.275617746859304846e-02
1.152040406455448196e-01
1.038467151216453249e-01
1.191189337799756637e-01
9.379870690531781630e-02
7.718746464971275312e-02
8.783405962712510784e-02
7.030405201155937034e-02
1.042331507539675101e-01
3.212613033534683638e-01
9.040059135974461146e-02
7.828175613920397569e-02
1.431980319369227928e-01
1.272127097205975332e-01
1.219992281874291151e-01
1.272248661996530639e-01
1.555357300484923044e-01
9.379686813272998525e-02
7.922327889737332263e-02
1.128293038335868304e-01
7.449064810941823100e-02
8.218861503330002205e-02
1.500641909918327965e-01
3.739187117560572871e-01
1.214428808180803288e-01
1.228995653002082911e-01
1.177138825620722001e-01
1.159657141895765187e-01
1.523200789656608545e-01
8.063356581987819460e-01
8.352510080329300646e-02
9.060676263877674719e-02
1.074461012091881412e-01
1.114305191562293129e-01
1.007093322013170728e-01
1.060424256082811295e-01
2.726408166489375229e-01
7.618818540919571058e-02
1.164483325391210966e-01
1.324354217985994064e-01
7.963356641153805648e-02
5.163871529687544953e-02
7.036579341581909730e-02
8.052411801180066331e-02
6.546848452333715873e-02
7.481525709760769582e-02
1.231378590872570233e-01
8.562973880132725146e-02
7.607022177132329033e-02
2.316725177007625813e-01
4.188733806349329014e-02
6.003928551900451771e-02
6.859022520389605748e-02
5.315202369793968484e-02
9.091632690056035415e-02
1.788309065834718659e-01
1.918364336997520903e-01
6.039450535965874833e-02
9.515052477409818854e-02
9.886481891820123047e-02
7.703542067917570901e-02
7.245658311356888148e-02
9.008839327122913909e-02
1.627643990971708587e-01
6.691133873968058143e-02
1.139232546486623060e-01
1.061754420149541855e-01
7.891857324242813887e-02
8.881889894529350349e-02
7.600537207522931049e-02
1.323265514674840382e-01
5.576601600015925614e-02
6.450390287666332712e-02
5.316786030746499525e-02
4.307332992282684320e-02
4.100540604480761714e-02
6.862708828582195220e-02
1.773017525748602496e-01
4.079529231042186566e-02
4.271148867973732777e-02
7.305779944474725951e-02
7.936331003654681360e-02
5.375031922411092900e-02
8.414417827666793859e-02
2.315649675878472535e-01
6.390640459018043229e-02
8.922605251763128520e-02
7.645265112400471963e-02
6.853168367542761263e-02
6.635618844897987756e-02
7.110166295772990530e-02
2.830170812942031655e-01
6.065793518677820018e-02
7.701026082495557312e-02
8.046647900991917013e-02
7.553595357139435140e-02
8.531620835878797604e-02
5.042322813752075222e-02
1.801717459943579791e-01
7.377324736818785533e-02
1.025750271038517875e-01
6.561325660134580129e-02
5.637002607283345818e-02
2.138019415001929657e-01
1.912469191023526693e-01
1.587777604785101382e-01
5.900594101438500633e-02
5.183243159196561367e-02
5.019899490905553596e-02
9.207533298598044591e-02
8.593466528646603875e-02
1.142899141044610434e-01
1.438371462644885412e-01
7.686844562585025409e-02
1.085805863943127975e-01
9.449716503573171722e-02
7.823247981559783293e-02
5.833190039536652327e-02
5.632906466172435400e-02
5.207892336158033153e-01
1.228394668950609642e-01
5.682803099046256079e-02
7.019047282715515368e-02
7.537012934696306343e-02
1.008278315926790653e-01
1.597520244860495542e-01
5.522021887274497498e-01
1.125563003192913275e-01
9.576237598115232286e-02
7.517213609625411630e-02
6.892967065963315210e-02
8.435019423558473561e-02
2.091212608080171287e-01
2.240389599470829773e-01
1.405549527784042407e-01
8.827059290357296140e-02
8.452482125833823967e-02
9.079124434983781855e-02
1.836043127086803284e-01
1.507634315614900800e-01
1.247345536380861097e-01
8.060730618287142990e-02
8.193644777678925351e-02
9.121015685722591582e-02
2.749912425630411938e-01
9.511425236629371394e-02
1.046807160514719864e-01
7.618415420261372140e-02
5.868815081167514519e-02
6.763159234447427282e-02
7.574323817631323230e-02
1.267345041211406509e-01
1.167412219702016335e-01
6.063785883151162626e-02
7.769536447996860939e-02
1.089085228407098288e-01
9.884313911827251331e-02
6.950335212521219219e-02
2.282426848806297093e-01
1.186276519198871671e-01
7.692487831150110478e-02
8.537111809344602453e-02
8.308024958232350377e-02
1.219155696053832866e-01
1.483172716641570632e-01
1.639514149206134641e-01
8.624942861378841197e-02
7.852723605981259958e-02
6.959705245981792632e-02
9.825417739783345872e-02
9.102411130777768311e-02
1.297174695467102068e-01
2.470252560633802719e-01
6.159882621099731226e-02
7.855548614179656830e-02
1.421743526477741992e-01
7.873976509985401717e-02
1.241966765054293709e-01
1.251564762038112621e-01
1.119671688319965747e-01
1.139228421755631715e-01
1.016438184493404784e-01
1.379422960351193994e-01
1.071485114717454779e-01
1.367526489845549142e-01
2.043462983867138372e-01
1.400501003616979878e-01
1.647071411633798388e-01
1.184353959874941548e-01
2.076396747446660473e-01
1.131772769892079311e-01
8.942001296850134173e-02
1.799792259338547085e-01
2.835660945714884029e-01
1.967217128402054538e-01
1.124203608967887652e-01
1.086955593253199071e-01
7.822471158463356611e-02
1.246725687747252259e-01
1.279541704944302527e-01
2.356204248396087941e-01
2.958834667269550911e-01
1.519923037076729988e-01
2.361839830771391147e-01
3.072835859569699180e-01
3.961134602788250469e-01
2.187967946697544630e-01
1.356996569194166280e-01
1.227883745338772675e-01
1.565222415746778117e-01
1.181194553979958151e-01
8.084050512661719035e-01
1.000000000000000000e+00
7.537525894932711745e-01
3.960441311326564073e-01
3.960441311326564073e-01
1.000000000000000000e+00
5.522021887274497498e-01
3.212069431578347678e-01
5.633884656370803379e-01
1.000000000000000000e+00
3.960441311326564073e-01
3.386009734804701909e-01
1.000000000000000000e+00
5.471125457493366540e-01
3.133227607844388807e-01
2.812925723176773474e-01
2.465929217528197992e-01
