1.633731329321106429e-01
1.872095283569233659e-01
2.203521748562092819e-01
2.955073716703768838e-01
2.514451989305299673e-01
3.329903684363518801e-01
2.611543633730395997e-01
2.254391352670968574e-01
2.814692886658737292e-01
3.799591671506482027e-01
2.991858463518948796e-01
4.324999638552308734e-01
4.175369400511320106e-01
3.524018237633004258e-01
3.197328229367085717e-01
2.903618389848813819e-01
3.165360134256666180e-01
2.322563929385895731e-01
3.046318147878829263e-01
3.339958981401227600e-01
4.258517601996062996e-01
3.655124621081612957e-01
3.724848964158604114e-01
2.661882972873677589e-01
2.854237081085093108e-01
3.816486696679322610e-01
3.543984468322513570e-01
3.082849301057421498e-01
3.519315034511596441e-01
3.138839690779191560e-01
3.202217709722189887e-01
3.539335009760316564e-01
2.882767180029275900e-01
3.081374560852910283e-01
1.795611549920473893e-01
1.827395527942001219e-01
1.774389641182330668e-01
